13 26
7 4
77 32 35 92
16 62 56 36
88 7 91 87
45 31 42 27
89 67 34 9
74 38 78 33
66 68 7 41

2 26
24 15
0 0 0 0 0 0 0 0 0 0 0 77 32 35 92
0 0 0 0 0 0 0 0 0 0 0 16 62 56 36
0 0 0 0 0 0 0 0 0 0 0 88 7 91 87
0 0 0 0 0 0 0 0 0 0 0 45 31 42 27
0 0 0 0 0 0 0 0 0 0 0 89 67 34 9
65 30 59 8 80 38 16 71 49 74 55 137 38 78 33
21 68 52 49 35 77 0 58 27 64 56 96 68 7 41
25 32 37 78 55 11 56 71 46 26 26 0 0 0 0
59 23 25 76 14 79 96 60 24 29 73 53 0 0 0
30 40 88 44 13 5 14 60 84 48 12 16 0 0 0
55 69 41 6 89 87 92 54 45 97 48 52 0 0 0
21 39 38 88 24 46 21 54 23 78 6 38 0 0 0
83 86 11 10 92 75 44 68 82 98 44 79 0 0 0
50 92 2 39 51 56 30 46 26 86 80 91 0 0 0
55 2 38 75 73 76 26 56 21 5 96 68 0 0 0
56 64 11 16 74 50 28 4 71 61 85 30 0 0 0
56 66 18 88 81 71 25 26 17 54 28 94 0 0 0
56 3 73 52 74 34 31 21 54 68 31 63 0 0 0
24 61 33 11 13 23 32 60 74 99 7 80 0 0 0
32 0 4 81 63 71 41 82 45 42 72 67 0 0 0
25 77 91 31 79 68 38 80 67 71 47 32 0 0 0
39 88 36 83 89 31 92 92 2 47 23 87 0 0 0
26 8 87 64 64 81 38 1 39 33 82 33 0 0 0
52 82 48 10 47 58 27 67 67 48 44 8 0 0 0

2 26
24 15
0 0 0 0 0 0 0 0 0 0 0 -77 -32 -35 -92
0 0 0 0 0 0 0 0 0 0 0 -16 -62 -56 -36
0 0 0 0 0 0 0 0 0 0 0 -88 -7 -91 -87
0 0 0 0 0 0 0 0 0 0 0 -45 -31 -42 -27
0 0 0 0 0 0 0 0 0 0 0 -89 -67 -34 -9
65 30 59 8 80 38 16 71 49 74 55 -11 -38 -78 -33
21 68 52 49 35 77 0 58 27 64 56 -36 -68 -7 -41
25 32 37 78 55 11 56 71 46 26 26 0 0 0 0
59 23 25 76 14 79 96 60 24 29 73 53 0 0 0
30 40 88 44 13 5 14 60 84 48 12 16 0 0 0
55 69 41 6 89 87 92 54 45 97 48 52 0 0 0
21 39 38 88 24 46 21 54 23 78 6 38 0 0 0
83 86 11 10 92 75 44 68 82 98 44 79 0 0 0
50 92 2 39 51 56 30 46 26 86 80 91 0 0 0
55 2 38 75 73 76 26 56 21 5 96 68 0 0 0
56 64 11 16 74 50 28 4 71 61 85 30 0 0 0
56 66 18 88 81 71 25 26 17 54 28 94 0 0 0
56 3 73 52 74 34 31 21 54 68 31 63 0 0 0
24 61 33 11 13 23 32 60 74 99 7 80 0 0 0
32 0 4 81 63 71 41 82 45 42 72 67 0 0 0
25 77 91 31 79 68 38 80 67 71 47 32 0 0 0
39 88 36 83 89 31 92 92 2 47 23 87 0 0 0
26 8 87 64 64 81 38 1 39 33 82 33 0 0 0
52 82 48 10 47 58 27 67 67 48 44 8 0 0 0

2 21
19 12
75 40 69 18 90 48 26 81 59 84 65 73
31 78 62 59 45 87 10 68 37 74 66 40
35 42 47 88 65 21 66 81 56 36 36 10
69 33 35 86 24 89 106 70 34 39 83 63
40 50 98 54 23 15 24 70 94 58 22 26
65 79 51 16 99 97 102 64 55 107 58 62
31 49 48 98 34 56 31 64 33 88 16 48
93 96 21 20 102 85 54 78 92 108 54 89
60 102 12 49 61 66 40 56 36 96 90 101
65 12 48 85 83 86 36 66 31 15 106 78
66 74 21 26 84 60 38 14 81 71 95 40
66 76 28 98 91 81 35 36 27 64 38 104
66 13 83 62 84 44 41 31 64 78 41 73
34 71 43 21 23 33 42 70 84 109 17 90
42 10 14 91 73 81 51 92 55 52 82 77
35 87 101 41 89 78 48 90 77 81 57 42
49 98 46 93 99 41 102 102 12 57 33 97
36 18 97 74 74 91 48 11 49 43 92 43
62 92 58 20 57 68 37 77 77 58 54 18

13 26
7 4
97 52 55 112
36 82 76 56
108 27 111 107
65 51 62 47
109 87 54 29
94 58 98 53
86 88 27 61

13 26
7 4
97 52 55 112
36 82 76 56
108 27 111 107
65 51 62 47
109 87 54 29
94 58 98 53
86 88 27 61

13 26
7 4
99 54 57 114
38 84 78 58
110 29 113 109
67 53 64 49
111 89 56 31
96 60 100 55
88 90 29 63

13 26
7 4
99 54 57 114
38 84 78 58
110 29 113 109
67 53 64 49
111 89 56 31
96 60 100 55
88 90 29 63

13 26
7 4
97 52 55 112
36 82 76 56
108 27 111 107
65 51 62 47
109 87 54 29
94 58 98 53
86 88 27 61

13 26
7 4
-97 -52 -55 -112
-36 -82 -76 -56
-108 -27 -111 -107
-65 -51 -62 -47
-109 -87 -54 -29
-94 -58 -98 -53
-86 -88 -27 -61

The first two grids are not equal
The first grid has 19 rows and 12 cols.
2 21
19 12
0 0 0 0 0 0 0 0 0 0 0 0
0 0 0 0 0 0 0 0 0 0 0 0
0 0 0 0 0 0 0 0 0 0 0 0
0 0 0 0 0 0 0 0 0 0 0 0
0 0 0 0 0 0 0 0 0 0 0 0
0 0 0 0 0 0 0 0 0 0 0 0
0 0 0 0 0 0 0 0 0 0 0 0
0 0 0 0 0 0 0 0 0 0 0 0
0 0 0 0 0 0 0 0 0 0 0 0
0 0 0 0 0 0 0 0 0 0 0 0
0 0 0 0 0 0 0 0 0 0 0 0
0 0 0 0 0 0 0 0 0 0 0 0
0 0 0 0 0 0 0 0 0 0 0 0
0 0 0 0 0 0 0 0 0 0 0 0
0 0 0 0 0 0 0 0 0 0 0 0
0 0 0 0 0 0 0 0 0 0 0 0
0 0 0 0 0 0 0 0 0 0 0 0
0 0 0 0 0 0 0 0 0 0 0 0
0 0 0 0 0 0 0 0 0 0 0 0

