21 17
4 2
1 2
4 5
7 8
10 11

5 17
16 18
0 0 0 0 0 0 0 0 0 0 0 0 0 0 0 0 1 2
0 0 0 0 0 0 0 0 0 0 0 0 0 0 0 0 4 5
0 0 0 0 0 0 0 0 0 0 0 0 0 0 0 0 7 8
0 0 0 0 0 0 0 0 0 0 0 0 0 0 0 0 10 11
0 0 0 0 0 0 0 0 0 0 0 0 0 0 0 0 0 0
0 0 0 0 0 0 0 0 0 0 0 0 0 0 0 0 0 0
0 0 0 0 0 0 0 0 0 0 0 0 0 0 0 0 0 0
0 0 0 0 0 0 0 0 0 0 0 0 0 0 0 0 0 0
0 0 0 0 0 0 0 0 0 0 0 0 0 0 0 0 0 0
0 0 0 0 0 0 0 0 0 0 0 0 0 0 0 0 0 0
0 0 0 0 0 0 0 0 0 0 0 0 0 0 0 0 0 0
0 0 0 0 0 0 0 0 0 0 0 0 0 0 0 0 0 0
0 0 0 0 0 0 0 0 0 0 0 0 0 0 0 0 0 0
0 0 0 0 0 0 0 0 0 0 0 0 0 0 0 0 0 0
1 2 3 0 0 0 0 0 0 0 0 0 0 0 0 0 0 0
4 5 6 0 0 0 0 0 0 0 0 0 0 0 0 0 0 0

5 17
16 18
0 0 0 0 0 0 0 0 0 0 0 0 0 0 0 0 -1 -2
0 0 0 0 0 0 0 0 0 0 0 0 0 0 0 0 -4 -5
0 0 0 0 0 0 0 0 0 0 0 0 0 0 0 0 -7 -8
0 0 0 0 0 0 0 0 0 0 0 0 0 0 0 0 -10 -11
0 0 0 0 0 0 0 0 0 0 0 0 0 0 0 0 0 0
0 0 0 0 0 0 0 0 0 0 0 0 0 0 0 0 0 0
0 0 0 0 0 0 0 0 0 0 0 0 0 0 0 0 0 0
0 0 0 0 0 0 0 0 0 0 0 0 0 0 0 0 0 0
0 0 0 0 0 0 0 0 0 0 0 0 0 0 0 0 0 0
0 0 0 0 0 0 0 0 0 0 0 0 0 0 0 0 0 0
0 0 0 0 0 0 0 0 0 0 0 0 0 0 0 0 0 0
0 0 0 0 0 0 0 0 0 0 0 0 0 0 0 0 0 0
0 0 0 0 0 0 0 0 0 0 0 0 0 0 0 0 0 0
0 0 0 0 0 0 0 0 0 0 0 0 0 0 0 0 0 0
1 2 3 0 0 0 0 0 0 0 0 0 0 0 0 0 0 0
4 5 6 0 0 0 0 0 0 0 0 0 0 0 0 0 0 0

5 3
2 3
11 12 13
14 15 16

21 17
4 2
21 22
24 25
27 28
30 31

21 17
4 2
21 22
24 25
27 28
30 31

21 17
4 2
23 24
26 27
29 30
32 33

21 17
4 2
23 24
26 27
29 30
32 33

21 17
4 2
21 22
24 25
27 28
30 31

21 17
4 2
-21 -22
-24 -25
-27 -28
-30 -31

The first two grids are not equal
The first grid has 2 rows and 3 cols.
5 3
2 3
0 0 0
0 0 0

